X[0][0] = 5.500000
X[1][1] = -2.071429
X[0][2] = 5.500000
X[1][3] = -2.071429
X[0][4] = 5.500000
X[1][5] = -2.071429
X[0][6] = 5.500000
X[1][7] = -2.071429
X[0][8] = 5.500000
X[1][9] = -2.071429
