X[0][0] = 1.000000
X[1][1] = 1.142857
X[0][2] = 4.928571
X[1][3] = -1.663265
X[0][4] = 6.331633
X[1][5] = -2.665452
X[0][6] = 6.832726
X[1][7] = -3.023376
X[0][8] = 7.011688
X[1][9] = -3.151206
